1451779141
1451865542
1452038341
1452124741
1452211141
1452383941
1452470342
1452556741
1452643141
1452729541
1452815941
1452902341
1452988741
1453075141
1453161542
1453247941
1453334341
1453420741
1453507141
1453593541
1453679941
1453766341
1453852741
1453939141
1454025541
1454111941
1454198341
1454284741
1454371141
1454457541
1454543941
1454630341
1454716741
1454803141
1454889541
1454975941
1455062341
1455148741
1455235141
1455321541
1455407941
1455494341
1455580741
1455839941
1455926341
1456012741
1456099141
1456185541
1456271941
1456358341
1456444742
1456531141
1456617541
1456703941
1456790341
1456876741
1456963142
1457222341
1457308741
1457395141
1457481542
1457567941
1457654341
1457740741
1457913541
1457999941
1458086341
1458172741
1458259141
1458345541
1458431942
1458518341
1458604741
1458691141
1458777541
1458863941
1458950341
1459036742
1459123141
1459209541
1459295941
1459382341
1459468742
1459555141
1459641541
1459727941
1459814341
1459900742
1459987141
1460073541
1460159941
1460246341
1460332741
1460419141
1460505541
1460591941
1460678341
1460764741
1460851141
1460937541
1461023941
1461110341
1461196741
1461283141
1461369542
1461455942
1461542341
1461628742
1461801542
1461887941
1461974341
1462060741
1462147141
1462233542
1462319941
1462406341
1462492741
1462579142
1462665541
1462751941
1462838341
1462924741
1463011141
1463097541
1463183942
1463270342
1463356742
1463443141
1463529541
1463615941
1463702341
1463788742
1463875141
1463961541
1464047941
1464134342
1464220741
1464307141
1464393541
1464479941
1464566341
1464652741
1464739141
1464825541
1464911942
1464998342
1465084741
1465171141
